179 22 22 43.55 48.43 48.48 14555312 0.00 0.00 0.00     0 44.80 48.61 48.58 152080     0 323.971
179 27 27 41.15 43.63 43.67 10312912 0.00 0.00 0.00     0 41.68 43.73 43.77 108140     0 332.424
179 32 32 37.55 39.88 39.87 7105296 0.00 0.00 0.00     0 37.85 39.95 39.94 74455     0 334.538
179 37 37 33.71 36.98 37.28 4636664 0.00 0.00 0.00     0 33.93 37.06 37.35 48225     0 346.694
179 42 42 28.79 34.89 35.00 2599752 0.00 0.00 0.00     0 29.07 34.97 35.05 27239     0 347.737
180 22 22 53.76 56.42 56.55 2177576 0.00 0.00 0.00     0 56.13 57.30 57.32 40744     0 305.399
180 27 27 49.72 51.13 51.71 1596448 0.00 0.00 0.00     0 51.28 52.40 52.44 29729     0 307.899
180 32 32 44.80 47.50 47.22 1140176 0.00 0.00 0.00     0 46.12 48.30 48.10 21426     0 292.703
180 37 37 41.04 44.87 44.89 776048 0.00 0.00 0.00     0 41.71 45.19 45.29 15224     0 285.494
180 42 42 35.52 42.26 42.10 491224 0.00 0.00 0.00     0 36.84 42.12 42.61 10399     0 296.979
150 22 22 48.65 52.98 52.24 2727160 0.00 0.00 0.00     0 47.34 52.13 51.38 56310     0 160.885
150 27 27 43.99 49.94 48.51 1937072 0.00 0.00 0.00     0 42.69 49.09 47.65 33925     0 159.661
150 32 32 39.44 47.80 45.79 1341208 0.00 0.00 0.00     0 38.32 46.82 44.80 20896     0 148.635
150 37 37 35.22 45.71 43.61 897280 0.00 0.00 0.00     0 34.37 44.81 42.57 13120     0 140.975
150 42 42 30.78 44.18 41.71 554560 0.00 0.00 0.00     0 30.36 43.51 40.89  7976     0 141.491
255 22 22 50.06 54.62 55.05 9120400 0.00 0.00 0.00     0 49.29 53.89 54.40 253571     0 845.708
255 27 27 46.51 51.97 52.92 5837528 0.00 0.00 0.00     0 45.88 51.27 52.23 132746     0 853.812
255 32 32 42.66 49.80 51.06 3827704 0.00 0.00 0.00     0 42.20 49.18 50.36 80782     0 899.125
255 37 37 39.09 47.52 48.64 2591216 0.00 0.00 0.00     0 38.78 46.98 48.12 48786     0 852.957
255 42 42 35.25 44.88 45.94 1721128 0.00 0.00 0.00     0 35.25 44.39 45.63 34293     0 876.980
150 22 22 42.63 45.76 45.81 5149456 0.00 0.00 0.00     0 42.01 45.16 45.24 319462     0 85.560
150 27 27 38.43 42.55 42.42 3212400 0.00 0.00 0.00     0 37.79 42.09 41.94 161752     0 85.511
150 32 32 34.44 40.14 39.88 1967400 0.00 0.00 0.00     0 33.72 39.63 39.29 79209     0 83.858
150 37 37 30.90 38.08 37.74 1171880 0.00 0.00 0.00     0 30.17 37.50 37.01 38414     0 86.164
150 42 42 27.39 36.33 35.83 643152 0.00 0.00 0.00     0 26.93 35.70 34.97 18659     0 85.519
150 22 22 45.23 50.11 49.92 3061208 0.00 0.00 0.00     0 44.76 49.35 49.15 244576     0 150.429
150 27 27 41.68 47.58 47.59 1866376 0.00 0.00 0.00     0 41.10 46.87 46.81 123023     0 150.710
150 32 32 38.03 45.05 45.16 1127648 0.00 0.00 0.00     0 37.39 44.39 44.56 59258     0 152.579
150 37 37 34.66 42.74 43.01 686176 0.00 0.00 0.00     0 34.05 42.11 42.45 29566     0 147.943
150 42 42 30.98 39.97 40.31 394648 0.00 0.00 0.00     0 30.70 39.10 39.88 15011     0 150.447
150 22 22 46.32 49.90 49.87 1451872 0.00 0.00 0.00     0 45.51 48.98 48.71 64287     0 81.241
150 27 27 42.62 47.15 47.32 898704 0.00 0.00 0.00     0 41.78 46.49 46.24 27754     0 82.471
150 32 32 38.56 44.89 45.08 552472 0.00 0.00 0.00     0 38.00 44.39 44.48 12620     0 83.100
150 37 37 34.90 42.95 43.30 336184 0.00 0.00 0.00     0 34.64 42.56 42.74  6546     0 84.497
150 42 42 31.21 40.95 41.28 186144 0.00 0.00 0.00     0 31.35 40.71 40.90  3529     0 84.244
150 22 22 48.48 51.32 50.41 2204784 0.00 0.00 0.00     0 48.13 50.85 49.90 224773     0 259.972
150 27 27 46.03 49.76 48.43 1273816 0.00 0.00 0.00     0 45.48 49.02 47.68 121195     0 271.024
150 32 32 43.05 47.72 46.23 771080 0.00 0.00 0.00     0 42.28 46.86 45.35 68666     0 264.929
150 37 37 40.06 46.15 44.35 488280 0.00 0.00 0.00     0 39.13 45.11 43.32 40766     0 351.806
150 42 42 36.39 43.68 41.61 299520 0.00 0.00 0.00     0 35.59 42.66 40.78 23886     0 334.649
150 22 22 43.17 47.28 46.50 7964920 0.00 0.00 0.00     0 42.52 46.37 45.55 464498     0 223.829
150 27 27 38.99 44.24 43.28 5109080 0.00 0.00 0.00     0 38.24 43.43 42.40 228972     0 229.556
150 32 32 34.95 41.80 40.78 3230552 0.00 0.00 0.00     0 34.15 41.08 39.97 105469     0 215.058
150 37 37 31.21 39.62 38.58 2006008 0.00 0.00 0.00     0 30.63 39.06 37.92 49822     0 154.888
150 42 42 27.39 37.64 36.61 1180104 0.00 0.00 0.00     0 27.28 37.12 36.05 24949     0 156.703
150 22 22 47.25 54.02 53.95 3372600 0.00 0.00 0.00     0 46.61 53.41 53.12 229843     0 277.110
150 27 27 43.52 52.05 52.12 2141488 0.00 0.00 0.00     0 42.80 51.48 51.27 115242     0 264.662
150 32 32 39.94 50.48 50.57 1369368 0.00 0.00 0.00     0 39.23 49.97 49.85 59038     0 268.319
150 37 37 36.42 48.34 47.18 893592 0.00 0.00 0.00     0 35.98 48.11 47.03 32188     0 258.076
